-0.413196377745
0.492633051795
0.034058492255
-0.692534847365
-0.618100440144
-0.508275390807
-1.15774325909
-0.21782098946
-0.0113448557338
0.688815670614
-1.18895989371
-0.779645743871
-0.407184203986
0.869521860642
-0.149284763172
-0.144818270909
-0.988785568581
0.526691217189
0.888753822389
0.257438760615
-0.437449373466
0.17452487827
-0.0948739989687
0.0795751149605
-0.412114822196
-0.173285058436
0.248297975803
0.825055376047
0.353764416064
0.315051068407
0.769301669948
-0.300780330625
-0.795187987505
-0.895106240635
-0.113343817867
-0.863040326271
-0.354009664921
0.974988131179
0.0623007774277
1.01173839057
0.523561898177
0.158771550191
0.828335978378
0.23848311001
-0.454111686399
0.908959998188
0.379489430154
-0.140816000233
-0.254803245147
0.418613265124
-0.86342983367
-0.844038315869
0.953217713527
-0.867999190527
-0.992562812228
0.604109689497
-0.900561516248
0.245743934726
0.0589394405019
0.862559033352
-0.659213298684
0.268359247978
-0.416978978871
-0.336493946251
-0.138408481244
-0.587160562808
0.758499850452
0.547716371147
0.0151075768009
-0.124722547283
-0.149517924862
-0.466977690223
0.28226080796
0.532580647113
-0.886115103018
-0.186974242171
-0.501712587611
0.278037780146
0.187741194687
0.649908759413
-0.91679108768
1.18368533614
-0.259770714621
0.280774782168
0.663253298899
0.890009200438
-0.177164787043
0.109250609056
-1.30143976062
-0.667107043407
-0.599191605936
-0.518999885121
-0.212917022884
-0.361495566648
-1.18922132055
0.70127596402
-0.980239314952
-0.668689667266
-0.797851715077
-0.250777948253
0.744265938496
-0.495972113174
-1.27089041905
-0.536798142831
0.161395369439
1.08708859074
0.103038902766
0.294816377891
0.122795302695
0.658425341934
-0.170281653071
0.438578462046
0.635288621048
-0.0882512351606
1.05341586493
-0.222534481696
0.173678525827
-0.766578688303
-0.386697230012
-0.257915225671
-0.820730063162
-0.0661092823108
-0.055121090553
-0.419575282192
0.269264470491
-0.590167784821
-0.0306308921685
0.292969213422
1.04765967445
0.381393975449
0.676200575504
-0.555965232254
-0.381666057906
0.945620542226
-0.739205935834
1.00996199147
-0.537624700565
0.313811416111
0.43466479105
0.598846240008
-0.897630069856
-0.782677906142
-0.394684911717
0.285748126086
0.290108008756
0.460376402538
-0.425255203873
-0.71189122935
-0.515720962917
-0.557808315754
0.810199649561
0.328021792556
0.226833311878
0.798167049059
0.267817561406
1.0743965196
0.153128178948
-0.670206449617
-0.173051098756
0.012832193313
0.73227918503
-0.845221090214
-0.263972357049
-0.42643437184
0.37402747231
0.163624650326
0.83826575102
-0.660405819834
1.12463358946
-0.804861329525
0.239064849788
0.264467908169
0.45691039332
-0.308362133788
0.414672483229
0.755388859285
0.920385224101
0.664110929961
-0.822138575965
-0.706887381609
0.416805831512
-0.798216802631
0.0336714859136
0.626063272117
0.637281817811
-0.279456698846
0.671163559699
-0.961707987521
1.15218673679
0.453419945181
-0.462570010745
-1.02787367133
0.206857458403
-0.0545948756272
1.03525002153
0.507186198222
0.989862331018
0.0351446177831
0.806569218809
0.174241494678
0.858192385459
-0.948615239383
0.713135077328
-0.565765398279
-0.0559504624488
-0.223179914036
-0.54049317542
0.812915849623
0.297256592031
0.200095057063
0.127037897682
-0.537884167652
0.977763711606
-0.845550757671
1.26872011512
-0.335324108109
0.195901425203
-0.35455420912
-0.784259619134
0.367382972116
0.963431503655
-0.228910237742
-0.451811309601
-0.591814714149
0.116150520624
-1.16213662214
-0.78430990381
0.987979410705
-0.721144047788
-0.740500001348
0.492177496003
-0.747196385826
-0.146104395282
0.156511852382
-0.461799953784
-0.0231434552766
-0.679832266892
0.945270582149
-0.682418038077
-0.916539929512
0.930676433147
-0.620453619438
-0.610669154313
-0.0989529687266
0.659432535128
0.452075999548
-0.600421096807
0.531914621329
0.610827320331
0.573370760259
0.326570844138
-0.0390907222032
-0.528926852184
-0.237560419104
-0.874318146144
0.158902759857
1.07673665433
-0.0642364509128
-0.10116314019
-0.195977403269
0.403620712792
0.173583643333
-0.394992968162
0.933209938509
0.525106596183
-0.263825792877
0.557527286578
0.0719731364622
-0.674517844089
-0.373221936184
-0.0299980019399
0.800202944923
-0.0701885332351
0.152235681599
0.938944418248
-0.321388468117
-0.719749085624
-1.11713257283
-0.440129204319
-0.371104481733
-0.898267399849
-0.31550860389
-1.06843678476
0.129521458246
0.182944154538
-0.736659767664
0.417563402818
-0.658364579196
0.253504779847
0.69381760556
1.00576332215
-0.716023988309
0.75652278486
-0.307690041515
0.600003265883
0.0529961781925
-0.896146270035
-0.943370400054
0.388532347321
0.678084810083
0.857722224136
0.121716420012
-0.509964867976
-0.659401410381
0.176569922744
0.801642864163
-0.347019281618
0.743082681058
-0.194373877577
0.825139560838
0.154974954379
0.807126683595
0.723335099625
-0.0822972435732
-1.12271130181
-0.457159550646
0.659098353359
0.211604951508
0.745847404295
-0.306966708687
-0.122701079654
-0.111342269944
0.385718056925
0.713549548256
-0.374006291586
-0.475500325822
0.637743664368
0.430632675568
0.665992379767
-0.111761700521
0.901709212933
-0.813192760744
-1.00419730512
-0.459076033819
-0.859251458985
0.0473896998442
1.10608931141
0.237657554833
0.924164902509
0.254045776609
-0.786641322423
0.366042091266
-0.803984294303
0.674025239798
-0.00735548525564
-0.52416037816
-0.0276611609121
0.778636991589
-0.708124485658
0.496129845312
-0.865808421945
-0.515425721129
0.693147593096
0.159806568214
0.874294448775
-0.368678194578
0.618779972682
0.339735050206
-0.567972169868
-0.104338439662
0.965599633805
-0.470822094194
0.855425787696
0.186817941238
-0.482139184001
1.09553025962
0.655857832306
-0.825249310307
0.570519649338
-0.836741073454
0.62559531684
0.575140424482
0.511322377814
0.205971822464
-0.863075143301
0.30130135221
0.553431150908
-0.165394050069
0.282363260634
0.494277616501
-0.829408667941
0.512382366226
-0.0594263356895
0.804966572556
0.901425631907
-0.086757454348
0.241414829685
0.498468938558
-1.08035896846
-0.934198855313
-0.60653615636
-0.00471958374601
0.0999341091163
0.703021132749
0.256671739964
-0.890275921991
0.911719886265
0.512230720739
-0.443576013124
0.0224874947102
-0.0510467399068
-0.293665021681
-0.883714489611
-0.184972280347
0.692470534826
0.532937978194
0.900078391913
0.509929351586
0.57734248679
-0.0714252680991
0.730256952453
0.102376788766
0.266614176329
-1.04276889024
1.4847543195
0.298519283677
0.925515153001
-0.51948183268
-0.248582146694
-0.426686735119
0.250144373483
-0.390355331387
0.0251513009416
-0.255753787701
0.698502978377
-1.03862609616
-0.649004637286
0.0297104100053
0.27377814239
-0.375721004114
0.239566783597
-0.0661798713499
0.395344560883
0.938339923631
-0.840248657864
0.556519131831
-1.11014437272
-0.0363307671085
0.0209745197185
-1.23629650243
0.118088302004
-0.405687984245
-0.0335058439447
0.32151111106
0.191436210535
-0.0204088081973
-0.844230845953
-0.267538926244
0.799380333394
-0.25083418388
0.800525871926
0.277121989764
-0.978376371743
0.841898540966
0.286931808342
0.500007906962
0.858402215079
-0.674656697465
0.627280784542
-0.684193557903
0.327787112215
-0.943707731931
-0.536292297411
0.199773459847
0.0213841974014
-0.766059603708
-0.118083630097
0.222592987916
0.43830545899
0.0200855305917
0.48180833355
-0.0742773071644
-0.156643217506
-0.173401696121
0.873426894202
-0.377648403701
0.409028534038
-0.996932872634
-0.247178067139
-0.758791924366
0.423094245137
-1.1490425381
-0.460847926549
0.454548628835
-0.638476721688
-1.21944387039
-0.242777383461
-0.994404006228
1.56540895382
1.27328518034
0.928601020229
-0.962042144578
-0.538060806666
-0.675545819878
1.09875337554
-0.598461235861
0.136867353023
-0.412857038831
0.483372916995
0.0683560113778
