0.0303895153346
-0.528851293918
-0.439789746228
-0.256467456602
0.57077999282
0.0189267052624
0.20002163312
0.654154502912
0.349403640622
-0.455428591413
0.493551779514
0.485875126055
-0.576542447658
0.488795314186
0.00973458515442
-0.210800171255
0.245355653608
0.889490336664
0.819913082233
-0.154645730879
0.139107299103
-0.524962198895
-0.152612754825
0.491724685979
0.291063203861
-0.930190787028
0.352460926445
0.204943195025
0.406075760894
0.0676947294895
0.399725740285
0.814509897724
1.1377898448
-0.0290972193515
0.514079263736
-0.304956878281
-0.097413598168
0.982673864502
-0.0151940182849
-0.0597259379754
0.15527099689
-0.43563997051
-0.123971045138
0.478123024084
0.491422437813
-0.114416310363
-0.476713428579
-0.82461765667
-0.1626493357
-0.338111263056
0.114444693553
-0.162823920865
-0.478739138781
0.0591174855848
-0.535988770682
-0.25743377348
0.365419990653
-0.0386180950425
0.0673279548648
-0.0297228690642
0.794876071019
-0.366262529303
-0.745142197965
0.835528611525
0.571810576222
0.210799741092
0.46214605604
-0.60942534975
-0.301733977055
0.34515262701
0.701828169937
0.395000762892
0.632305054298
0.352121574756
-0.866991421866
0.172800164757
-0.0745155360649
-0.760568610713
0.341164271335
0.361691887683
-0.364762564033
0.174358031719
0.249640720955
-0.612465191998
0.521441566868
0.243884913668
0.479274331336
-0.456243305437
-0.130068198636
0.715700829977
-0.449381166559
0.456050047045
0.566731278187
-0.444573273081
-0.582997064087
-0.286434545338
-0.099314339213
-0.110652960047
-0.0366998019571
0.307249957604
0.0478895654583
0.183145734607
0.230458337777
0.223975183874
-0.272638605218
0.33505358957
0.36953362136
-0.306542258691
0.110978906211
-0.0355598112995
0.423977785497
0.0353073662131
0.40861383437
0.344038154046
0.211589638957
-0.047026969243
-0.13845910382
-0.57414484775
-0.276323339837
-0.0553019876454
0.117433252615
0.119693950845
-0.292229982467
0.182405347249
0.226448901524
0.190334963762
-0.692364161569
-0.224976199037
-0.397505504797
0.395162000919
-0.0754084305615
-0.219730483909
-0.882954878376
0.165161229294
0.357495741351
-0.00534578132283
0.26295228742
-0.518193853563
0.561699733593
-0.505014851009
0.608032169284
-0.0915296724454
-0.489697042298
-0.0937566126261
-0.575591500656
0.325398007507
0.302856737811
0.758051501243
-0.0555343501435
-0.130241850561
0.0226679472705
-0.2415708158
0.316442614707
0.462485949065
0.380457812459
-0.0195421952631
-0.341380603378
0.715749459551
-0.0754554774044
-0.319204793256
-0.638827922625
0.237831675668
0.463175112502
-0.50965530848
-0.423872633595
0.357651718197
-0.222729435124
-0.0406898946786
0.599086934863
-0.751661044491
-0.779917121717
-0.312927080883
-0.0730738078195
-0.26010574032
0.466145572301
0.411570724709
-0.111237260296
0.603943795509
-0.235172561628
-0.623935517046
-0.146441819795
-0.19981789112
-0.0164399323775
0.364828953928
-0.771279729271
-0.226766229783
0.372963706405
0.583544227031
0.627323350783
-0.0689606101659
-0.0179466386174
0.218256885428
-0.109616299359
0.431822087018
0.344384070627
0.0587342554245
0.0345194727995
-0.68213277928
0.216058505404
-0.159980137036
-0.146142867661
-0.38521122418
-0.213277438916
0.148436154946
0.137409219693
0.383800939693
0.589877831589
-0.675923409509
-0.175344583839
0.358826443415
-0.370591175484
-0.436307504902
-0.376651476782
-0.0744828638818
0.228088524658
0.259133687642
-0.0979644312362
-0.376562329601
-0.68102957655
-0.428418501574
0.295280832146
0.411759528891
-0.144024477321
-0.419160668173
0.339364700467
0.709664628012
-0.471677691606
0.188611115183
0.301755988035
-0.0546110926166
-0.234107523727
-0.27204040562
-0.47413655437
0.0470266867354
-0.587946935121
0.508036873304
-0.0760929560391
-0.5441100871
0.685683273407
-0.590088815265
0.740899650545
-0.163892764028
-0.0158778302405
0.145603906341
0.124455252597
0.246660678444
0.346135716211
0.151389609463
0.679398495527
-0.00277144733645
0.30999735993
0.0325011363467
0.491918747311
0.599312804659
0.318124415018
-0.143066638282
-0.63745203227
-0.0919427812458
0.460230139399
-0.314686199943
-0.786049062918
-0.0108358575738
0.549419747285
0.0465321490549
-0.0747669029047
0.0788927914934
-0.246837774899
0.794476399129
-0.153625580004
-0.190011699662
-0.737785351431
0.440028493478
-0.751954579724
0.550618138014
0.437584812211
-0.501454123925
0.160001764234
0.152870973526
-0.443591996334
-0.143528527005
0.325343229593
0.230339550943
0.110942265169
0.400162611882
-0.450009737961
-0.477284418207
0.125273327761
0.718622781053
0.0899984373354
-0.430190050904
0.183276271889
-0.471188443586
-0.655388458948
0.167553072764
0.162809734983
-0.0341093525183
0.261761459707
-0.0742531233813
0.0294741001843
0.471994502384
-0.255841529233
0.305778916887
-0.387100711761
0.12730115829
0.117483901756
-0.483085596703
-0.198589539716
0.245917360309
0.11744775289
0.0794857011654
-0.289837766714
-0.30313123285
0.170382710095
0.370285372288
0.303945029521
0.2741208185
0.256215782867
0.436341237002
0.255114497325
0.460968002413
0.106549050672
-0.520234375499
0.437120207866
-0.294837844239
-0.445374132365
-0.190079141165
-0.219366970663
0.163098654705
0.0131204099691
0.0336164393657
0.0856476954277
-0.160322281296
0.036158375784
0.252329717386
0.120393504775
-0.0676221807825
-0.229095181808
0.580529198011
-0.361071073857
0.457154419069
0.0477279179496
-0.149001111907
0.478280166847
-0.0693775636227
0.295495924413
-0.549167861862
-0.555303175237
0.0706003655084
-0.335525472432
0.118063346185
-0.0565090434855
-0.133568297135
0.153129674407
-0.40981016298
-0.370126430683
0.140016336101
0.625521479267
0.0880851239377
-0.0893258708737
0.0504708121394
0.310407173648
0.0347574395103
-0.366343010694
0.449955428007
0.165586841027
-0.120401599255
0.0625827584399
-0.487007661425
-0.30307521745
0.271987799997
0.206351307799
-0.230949988328
-0.0649393693659
0.0804534729173
-0.0578946413193
-0.320357140599
-0.107991546676
-0.340421421899
0.307337882334
0.346904493166
-0.400299968673
0.437216932192
0.307733546252
-0.0744121973945
0.497397193817
0.347017956899
-0.241005444097
-0.420740404012
0.184687744934
0.35864215532
-0.210682987853
0.37340836285
0.279624889006
-0.119407134593
0.0251673239867
0.338802233398
-0.239134876745
-0.266709257571
-0.358009085818
0.21461118865
0.00640275259696
0.156175555953
0.378182988271
0.337494710885
-0.386009085698
0.481502596978
0.416766650067
-0.884781420796
-0.225654094832
0.414385737367
-0.172168701455
-0.372239857673
0.343140114316
-0.204301979974
0.169152947178
0.199818008424
-0.27569001477
-1.04464892402
-0.958590186264
-0.217276602399
0.115952751097
0.698198558595
-0.199108094708
-0.291172236339
0.223972216807
1.0392039646
-0.718105802681
-0.143563096214
-0.256622269649
0.15339028666
-0.371991668113
-0.639340567717
-1.30971676096
0.0973208297616
-0.413952174377
0.447357081355
0.236716257951
-1.18551072174
0.713985333624
-0.561258873147
0.596919490577
0.179780311948
-0.261501709517
-0.221547265302
-0.537628002698
0.524143246776
0.747254867762
0.937991720765
0.482991396842
0.117248722126
0.122667270503
0.0405248300421
0.673858572381
0.601648126326
0.746421458724
0.0578657268907
-0.81770930494
0.30895143818
0.190353945294
-0.291021877439
-1.20427143007
0.353992310313
1.03000526651
-0.78128311394
-0.608051534428
0.138075293783
-0.492023171676
0.844811253293
0.481345198574
-0.678386003926
-1.16883921644
-0.108553602954
-0.73342795336
-0.0759273437154
0.975874388337
-0.0513212152688
0.0963061052554
0.90058784389
-0.566517734165
-0.623758130006
0.440695352511
-0.155964132004
-0.167669183903
0.763569273798
-0.990965489147
-0.520028674255
0.0533469419443
1.03289928876
0.413625730268
-0.714112735337
0.399852751158
-0.459931044825
-0.732481312452
0.580415926449
0.621916468172
0.103434711069
0.270996198081
-0.218212239633
0.235738952465
-0.0592415485456
