-0.0255945069569
0.519673121988
1.13165245701
-0.381708213409
0.838438547817
-0.435603308785
0.692813996309
0.202365821167
0.313163727457
0.453400539437
0.523514323198
-0.531015946973
-0.741565918288
-0.0542280093167
-0.263111752188
0.380122276283
-0.0244481467045
-0.484349308474
-0.214530518969
0.755556860071
0.82323006201
0.523100908911
-0.715875554853
0.756380901611
-1.05750783652
-0.347975718056
0.532010459126
0.689998150467
0.899909663107
0.539387700174
-0.378765233788
-0.438867412392
0.693571591109
0.0343746627066
-0.727377223988
0.800721913599
0.143979802133
-0.112125028914
0.563675569615
0.265252920039
-0.533444135799
0.546413018361
-1.08333161311
0.463324081761
-0.23244703821
0.508603846658
-0.729873014291
0.120498134508
0.719105742155
-0.164313984013
0.98584510813
-0.695222537048
0.367641533529
-0.101526149117
0.732470103174
0.346524518666
-0.493888697024
0.258425095406
-1.15640957181
-0.360305988635
0.905979686232
0.419351781014
-0.535837026614
0.354686194394
0.148885453294
-0.54392578218
0.7125164818
-0.973221857933
0.672224349376
0.428085534696
0.448763310202
-0.610889454475
-0.17279392888
-0.421141834783
0.101810345137
-0.118260271793
0.119787992928
0.647620469502
0.985100654117
0.309682795017
0.654379993629
-0.874626668303
1.26049997111
-0.710850766503
0.653940778968
-0.00884755759598
-0.0384126166968
0.749364437374
0.600580120753
-0.439631192748
-0.388419721313
-1.09407822948
-0.0863395705666
-0.414530182466
-1.1600077066
-0.790283801157
0.633755245233
-1.1061336371
-0.805597803845
-0.717496073913
-0.394825603824
0.11513631702
-0.875229779469
0.418704883718
0.867234564592
-0.0264239073155
0.00221830819586
-0.746857839786
0.542533588173
0.0447366561869
-1.03896317642
0.151255392881
-1.05322806951
0.418975299149
-1.08506654337
0.73000994566
0.308691177945
0.153435756919
-0.655883000816
-0.593741949111
-1.09506069512
-0.862131145261
-0.646337679574
0.410156161968
0.381068371288
0.556291163671
-1.05438482151
-0.205675977706
-0.28395591385
0.131966941279
-0.533832259417
0.302627010199
-0.516870250873
0.268090659827
0.633403590774
-0.505020650037
-0.0349570706848
1.0404248221
-0.36116467696
-0.893670557003
-0.89321526865
-0.77567368865
0.818880307907
1.10715751697
-0.681176839578
-0.0434958905509
-0.240409097054
-0.168666005806
-0.270931525232
-0.813832554188
-0.355295726964
-1.02353084926
-1.1113875969
0.454592285358
-0.440922629015
-0.106845023384
-0.0851510791852
-0.354368065976
0.822482335788
-0.282897647968
-0.74110657307
-0.205230627214
-0.959834987614
-0.741476253058
0.368247010904
0.476000432565
-1.01052242362
-0.682229631476
0.724895735621
-0.44314980975
-0.64666492177
-0.497011802707
0.0189174570493
-0.588647925385
-0.303067138728
-0.559958576376
-0.760898198229
0.829272321465
0.0522447290634
-0.4503559671
0.692769906433
0.563601011252
-0.915878735165
0.793057223065
-0.203607660087
0.480326862301
-0.151818915703
-0.365898359904
0.76783110356
0.202738872533
-1.19070609457
-0.745054088664
-0.68089479506
-0.981791153834
-0.542984304017
-0.321700607028
-0.200247602602
0.0699973254523
-0.528536700434
0.535742042085
0.514307676539
-0.770518656049
0.0824706492161
-0.9663211883
0.540852141233
0.203661206477
-1.04522320001
0.710884209764
1.01349694912
-0.362189913572
0.308568224956
-0.301152379397
-0.913084192283
-0.527194275637
-0.293429427533
0.496938350777
-0.782654951383
-0.251567583255
0.52974074924
-0.839340288965
-1.06751548919
-0.0613799015319
0.420630317155
-0.135940604046
0.236368526638
-0.387786956063
-0.12273273317
0.374022968626
0.664889881299
-0.63946443216
-0.165601521442
0.21570907569
-0.0749812716098
-0.0201483607709
-0.284607513365
-0.465239265908
-0.803037437963
0.893382657414
1.14235981939
-0.0418060777801
-0.4177983208
0.821952908101
0.956114778578
-0.430315156634
0.41787394609
0.925710067817
0.219669522943
-0.857566628208
0.182311205029
-0.111653195529
-0.628137924796
-0.799550742439
-0.277869095325
0.363325587653
0.0959915487467
-0.00656002698762
-0.399086954323
0.694577035315
-0.342808639917
-0.0922897696953
-0.387872728522
0.659662435324
0.282035631764
-0.269579299509
0.606293459064
0.433607383431
-0.807445624655
1.20403001589
-0.683353085565
0.50084164247
-0.0111643641012
-0.093278741637
0.458384096084
-0.0490913023055
0.498690431282
-0.474947157825
-0.294889065237
-0.528172983451
0.750038369281
-0.0266042103003
0.862998131868
-0.281291431464
-0.998148768489
0.648892296334
0.755926326218
-0.763948297451
0.435391203501
0.149197590955
0.655275860414
0.489450817747
-1.17590035586
-0.636076495816
-0.390102233618
-0.660457173033
0.615255445469
-0.756155305236
0.604200965059
-0.0948545981868
0.477208289846
0.347901663039
0.0931261994101
-0.845869411347
-0.657548059137
-0.696734532297
0.512774373859
0.000803866310864
0.000973263462287
-0.190490895878
-0.795301942415
-0.786567729025
0.647670667243
0.906564035974
-0.21434528814
0.867493036204
1.01537344972
-0.528281754982
-0.144848560382
0.749687398454
-0.548466391113
-0.110767613482
0.775860354492
0.587793132121
-0.76776422091
-1.04355796389
-0.753776251426
0.0739034269866
-0.640400418471
0.672107717331
-0.221860083314
0.93031444421
0.760338596214
-1.00948280163
-0.0562639573668
0.416248672963
0.434396845761
0.518882829661
0.0735213755474
0.0165771814422
-0.37983934692
0.510378799856
0.0880996496104
0.0746808871115
-0.374285461795
0.393012176487
-0.93560583532
-0.363612311243
-0.819974411634
0.510367205375
0.0816792779542
0.760239771703
0.980580525479
-0.299588051945
-0.380618344025
-0.13154746476
-0.031621795124
-0.283741002815
-0.192678153217
-0.513080670916
-0.469878520134
-0.154680433819
0.242793767088
0.791393691903
-0.217240995304
0.0120710685428
-0.196154202933
-0.778375598601
-0.0189638387616
0.573136811231
-1.10371147621
0.771514225913
0.17707417001
-0.907195348923
-0.320792997682
0.406776520784
0.138615361156
-0.459222957539
-0.881417667844
0.657437661261
0.504140468541
1.09623335624
0.918118611504
-0.906586374532
-0.459208895614
0.881722255773
-0.428502885162
-0.129759946037
-0.0469778259479
-0.25343721845
0.632814245557
0.886450468691
0.160574336442
0.136623014195
0.504062718567
-0.0496465586951
-0.00714949644362
0.855138623079
0.390329943149
0.0424337007255
-0.577385230682
-0.885511361681
0.751674677971
-0.879448943663
-1.02012431954
-0.161770014948
0.0667077851609
0.575518058065
-0.897114577499
0.368104351572
0.658544441622
0.521503523396
-1.04995403383
0.0605265822653
-0.722394384186
-0.740468520719
-0.910084899972
0.575363603797
0.106749743072
0.484034143028
-0.158553659661
-0.129226558569
-1.53776973254
-0.870008946452
0.501519681319
0.502553139261
0.976383772846
0.137658245653
-0.816223645076
-0.266009482153
-0.840192183229
-0.910064995475
-0.0754839165191
1.02709735181
0.132841957948
0.458720780387
0.514466851211
-0.788147538051
-0.216945471501
1.23241274838
0.834613879779
-0.659069861749
-0.652958475888
-0.536670330013
1.61809698059
0.709313567993
0.339277021883
0.0731368314978
0.772730271756
-0.447754524152
-0.316362938755
0.126145015478
-0.799990973333
-0.221844651265
-0.820614435702
0.59052039419
-0.823415891294
-0.72616017943
0.43677217234
-0.342630408188
1.05079530723
-0.309914496576
-0.867336540658
0.522270539776
0.187345474319
-0.678764616627
-0.392086341641
0.808399981896
-0.650681241018
1.08934657455
0.620148533026
-0.637683392019
0.409912681287
0.000734578460815
0.827463364371
-0.16996742904
0.0618297001812
-0.702837503804
-0.629772860942
-0.261448770923
-0.615383700184
-1.0298867994
0.598791093908
0.567799332964
-1.4322557665
0.296610233484
0.305934238051
0.419632181021
-0.0188362621133
0.320357401604
-0.517414968378
0.265361170472
-1.10456160255
0.704136805168
-0.0497611634918
-0.692840445156
1.01317554461
0.425230331794
0.3388362808
0.887977068598
0.674424550621
1.00903589178
