-0.682305038302
0.427978685259
0.0146715332856
0.643833189039
-0.098636656817
0.106305464341
0.319494241913
0.742470645801
1.00829610968
0.262333909917
0.712976136061
0.0686821389674
0.936931812105
0.21150824627
-0.415328143831
-0.469565323693
0.541958927376
-0.199407412903
0.112510013005
-0.556626444337
0.815463299917
0.198500868091
-0.285700077534
0.525560565993
-0.0799883341082
-0.249843228981
0.264568326102
-0.365196604698
0.224925183187
-0.450016291407
0.406800376658
-0.227093855365
0.152125833271
0.212796709748
-0.14537072531
0.461995422928
0.53088944701
0.548281695132
0.124197472343
0.087510941135
0.925289375292
0.347511245065
-0.496670405095
0.549249484122
0.0617733866334
-0.736825224145
0.12905273524
0.152682638926
-0.35518476127
0.104982505845
-0.056063383041
-0.685763159743
-0.741893659058
0.0586913487244
-0.366655083219
0.428392541793
-0.365690272579
0.505444332147
0.257225596441
0.375549345521
0.572280205078
0.305542794273
-0.121109585854
-0.646703362678
-0.484272667
-0.270367426351
0.444697462368
-0.344838401895
0.312643881675
-0.273462545184
-0.987178513659
-0.334801526354
0.265346420006
-0.458495110741
-0.332483468943
-0.933012388796
0.263455614321
-0.667385568731
-0.372175973698
0.852662947943
-0.0333576034098
-0.747616114934
-0.12761054771
-0.969368849318
-0.00594453057826
0.410285354575
0.886115180999
-1.06578373821
-0.244902105041
-0.208267296701
0.507729110671
-0.0652882903344
0.276219301506
0.40916457978
-0.321019874403
-0.0224401567861
0.735337233941
-0.192873950804
-0.731614149662
-0.144248399602
-0.15452278475
-0.774627125946
-0.367826221319
-0.324837180541
0.14905148334
0.165075822317
-0.30383892321
-0.079217901454
-0.318302978689
-0.21734755129
-0.570814278396
-0.361457087034
-0.806800165983
0.122632138818
-0.474363486461
0.376023255933
-0.0317853130807
-0.499781503394
-0.328750267889
0.485051251467
-0.673448750399
0.488567339653
0.465687184123
-0.286969403403
-0.0442340745062
-0.298648789019
-0.374064861501
0.428049259658
-0.427068519144
-0.126829762758
-0.195890212864
-0.339356417229
-0.368461899306
-0.702666146809
-0.0189599903179
-0.541147990095
-0.31194073395
-0.490458364852
-0.450759580874
0.0913103409362
-0.710289361838
-0.538625232015
0.584809995027
0.197348902654
-0.183140660135
0.454336671868
-0.439776915015
-0.634054536029
-0.123975522305
0.447608700971
-0.351565312554
0.0374977669118
0.0191564632158
-0.0595438559865
0.348281863437
-0.199127476867
0.202583370624
-0.225793899416
-0.408537718152
-0.278553840818
0.252711038448
0.0310878205085
0.208347283721
0.850805043764
0.233103785632
0.139311615981
-0.223804484545
0.0112347284787
0.313499826059
0.497275454588
0.724040937819
0.0676429782786
-0.274228943065
0.188028985893
0.676721489065
0.353520263667
-0.191066620188
0.595878238122
-0.342894006782
-0.0485663716318
-0.432759345997
-0.102279408269
0.679425529691
0.0703972250712
0.154461596083
-0.200087672779
-0.586408011
0.536311806608
0.159520728783
0.600816172515
-0.670791048558
0.354912285962
-0.286708565297
-0.379208983534
0.367376226098
0.317438195527
-0.199668643315
0.424037176002
0.225505318856
-0.591755821812
0.16328766827
-0.556987587351
-0.232140465053
-0.816648467932
-0.06848840524
0.19196889032
0.0830712934741
-0.660266734981
-0.00338818665833
-0.339089335959
-0.680841538924
-0.0649683472827
-0.287407844764
0.112046730411
0.044782008091
0.26601605233
-0.618270856288
0.360169238506
-0.234910060683
0.302666118246
-0.252434345805
0.136502313356
0.264108852054
-0.0053995195289
0.35201295469
-0.0698079701536
-0.829357619482
0.531662952613
-0.431951140061
0.337202947617
-0.196332047145
-0.16810301466
0.0475634972379
-0.317934978808
0.743229688095
-0.451988311474
-0.585069055534
-0.770065591701
-0.6477688646
0.189979594035
0.0457196353604
-0.770239379149
-0.0629899631045
0.327693248468
0.0834639730207
0.816736936131
-0.0924091681297
-0.606810122653
0.442610898133
-0.469294883671
0.309068163836
0.643691221819
0.479698884953
0.345225227405
0.0520588911177
0.383903715255
-0.315941182661
-0.487898325559
-0.125224597925
-0.421817909784
-0.161627326089
0.014618994515
-0.236744290905
-0.0943680012359
-0.262450705851
-0.221904832142
0.296018035986
0.458349347853
0.519605869346
-0.310445081701
0.166135298429
0.234388581967
-0.654853926641
0.0663175863072
0.214603578015
0.22512858492
-0.285173694599
0.824678961287
0.517567038468
-0.446053071702
-0.35456104564
0.291975840896
0.573170996218
0.290384115182
0.267732977609
-0.262272330699
-0.457028671231
0.529057681094
0.783230579109
0.120059135549
-0.2167990476
-0.345545652363
-0.282792373444
0.0954281367446
-0.094422276054
-0.458761338239
0.0372651882994
0.0256417124158
0.7336128419
0.0232753737473
0.040171368083
0.465643019117
0.310095327997
-0.168748827718
0.432692462829
-0.209291857848
-0.144035230526
0.497952464192
0.557537091494
-0.207460816207
0.0175003737178
0.0587142797219
0.49403271657
-0.214671145785
-0.246623491123
0.0460583793593
0.0695958158898
-0.0882054023763
-0.282628993567
-0.420770441064
0.108276928656
-0.16696071527
0.300050541411
0.218639588123
0.281114014619
0.0388110939887
0.291216883653
0.192410720927
0.461460910202
-0.535332646076
-0.104549844456
0.107808321049
0.277932520882
0.107055630911
-0.350510760751
0.0617711439664
-0.155533482243
0.600433990104
-0.254009701102
0.41479523378
0.496586798874
0.612368842534
-0.449463757172
-0.312363731511
-0.528076502618
-0.382534279229
-0.151682570999
-0.358637686145
0.196455033761
-0.433926773998
0.410455634054
-0.381819216075
-0.0118734119999
-0.154742138177
0.143834619585
0.329709449349
0.00582882318518
0.131379122877
0.378187883145
0.013517943658
0.37833733416
0.460804996965
0.298419726194
-0.317942634566
-0.434544855866
0.201032301761
0.0963270364602
-0.265971399166
0.444236138647
0.0976181900779
0.0461574866735
0.446988013628
0.00735615978356
-0.587478818347
0.246456143004
-0.448063211816
0.0382307222577
0.0188717143943
-0.145282048
0.743272684446
0.061071327271
0.212809642307
0.211436216548
-0.54871388
-0.349580622159
0.435448512423
-0.184574793383
0.14292418466
-0.576949499233
-0.222814023335
-0.0188737016515
-0.0193347606266
-0.0733003475805
-0.265406721308
0.20179880052
0.108243017721
0.358544827173
0.465714741005
0.185688036285
0.0457119163697
-0.100190753165
-0.921476889791
-0.161917662638
-0.559010960151
0.389261118874
0.691485136778
0.513581664473
-1.2879907322
-0.646881911254
-0.610520718192
-1.16914886405
0.436691835256
-1.26070015293
1.04399596412
0.28067106739
0.277780215685
-0.589136495187
0.346791804086
-0.872672137063
1.01332031444
-0.923752964985
0.369226618196
0.794992349844
-0.74558007059
-0.821708043065
0.416870465018
-0.38161106253
0.459200989082
-1.29159226004
0.891002309349
-0.0465998020135
0.188626119272
0.288233824324
-0.0747197411376
-0.173812832871
-0.451476074307
-0.561793097546
-1.37531728166
-0.483310349398
-0.218588457998
-1.07885076554
-1.00495724813
1.14017831971
0.283378878619
-0.174647278624
1.02744275816
-0.529710001551
-0.657027306045
-0.136428442089
0.20580126891
-0.486698388929
1.08498581732
0.160854938554
-0.645664676248
1.0147128478
-0.519579763893
0.293166194746
-0.270133361379
-0.849094548552
-0.197843476986
-0.358994045301
-0.689329753839
0.00476030779821
0.689810313508
0.676030790952
-0.150428429073
-0.0780287808206
-0.0790891226613
-0.000289869951213
0.165762947222
1.03107217516
0.803611767992
0.0952611462119
0.571353049499
0.544933400647
1.01855706113
0.457603728472
0.884054307754
0.357601222031
-0.670787069641
0.0170871759135
0.290838994252
0.299641063101
0.632365961336
0.698394603117
-0.427778647028
-0.618381486889
1.05778665787
0.622400609751
0.22119927598
-0.537330356533
-0.202253099939
-0.264876468909
-0.749030630944
-0.416998494663
-0.202111252438
-0.0310444713219
0.466251831658
0.920343914953
0.241286571166
